2.500000e-02 5.392375e+00
5.000000e-02 1.099974e+01
7.500000e-02 1.682526e+01
1.000000e-01 2.287209e+01
1.250000e-01 2.914343e+01
1.500000e-01 3.564246e+01
1.750000e-01 4.237236e+01
2.000000e-01 4.933632e+01
2.250000e-01 5.653754e+01
2.500000e-01 6.397921e+01
2.750000e-01 7.166452e+01
3.000000e-01 7.959667e+01
3.250000e-01 8.777885e+01
3.500000e-01 9.621424e+01
3.750000e-01 1.049060e+02
4.000000e-01 1.138574e+02
4.250000e-01 1.230715e+02
4.500000e-01 1.325516e+02
4.750000e-01 1.423008e+02
5.000000e-01 1.523222e+02
