0	16.9024
0.05	54.2656
0.1	84.9568
0.15	78.2848
0.2	78.2848
0.25	54.2656
0.3	91.6288
0.35	81.3984
0.4	54.2656
0.45	47.5936
0.5	51.152
0.55	105.4176
0.6	88.5152
0.65	57.824
0.7	88.5152
0.75	128.992
0.8	74.7264
0.85	118.7616
0.9	78.2848
0.95	125.4336
1	128.992
1.05	84.9568
1.1	115.648
1.15	108.5312
1.2	139.2224
1.25	122.32
1.3	88.5152
1.35	135.664
1.4	112.0896
1.45	105.4176
1.5	108.5312
1.55	122.32
1.6	180.144
1.65	149.4528
1.7	173.0272
1.75	162.7968
1.8	139.2224
1.85	173.0272
1.9	132.5504
1.95	128.992
2	142.7808
2.05	128.992
2.1	149.4528
2.15	139.2224
2.2	162.7968
2.25	210.3904
2.3	176.5856
2.35	220.6208
2.4	200.16
2.45	217.0624
2.5	224.1792
2.55	183.2576
2.6	234.4096
2.65	180.144
2.7	176.5856
2.75	207.2768
2.8	193.488
2.85	230.8512
2.9	203.7184
2.95	234.4096
3	274.8864
3.05	281.5584
3.1	257.984
3.15	278.4448
3.2	281.5584
3.25	285.1168
3.3	251.312
3.35	251.312
3.4	257.984
3.45	271.7728
3.5	264.656
3.55	251.312
3.6	274.8864
3.65	326.0384
3.7	298.9056
3.75	342.9408
3.8	298.9056
3.85	326.0384
3.9	332.7104
3.95	305.5776
4	349.6128
4.05	312.2496
4.1	370.0736
4.15	339.3824
4.2	305.5776
4.25	346.0544
4.3	383.4176
4.35	353.1712
4.4	346.0544
4.45	359.8432
4.5	393.648
4.55	346.0544
4.6	356.2848
4.65	417.6672
4.7	414.1088
4.75	380.304
4.8	414.1088
4.85	403.8784
4.9	441.2416
4.95	464.816
5	468.3744
5.05	444.8
5.1	444.8
5.15	455.0304
5.2	515.968
5.25	495.5072
5.3	478.6048
5.35	505.7376
5.4	549.7728
5.45	519.0816
5.5	512.4096
5.55	532.8704
5.6	556.4448
5.65	560.0032
5.7	543.1008
5.75	563.5616
5.8	610.7104
5.85	570.2336
5.9	587.136
5.95	590.6944
6	651.632
6.05	668.5344
6.1	648.0736
6.15	685.4368
6.2	661.8624
6.25	722.8
6.3	709.456
6.35	736.5888
6.4	709.456
6.45	733.0304
6.5	733.0304
6.55	743.2608
6.6	733.0304
6.65	811.3152
6.7	821.1008
6.75	817.9872
6.8	858.464
6.85	828.2176
6.9	882.4832
6.95	902.944
7	889.1552
7.05	919.8464
7.1	892.7136
7.15	950.0928
7.2	930.0768
7.25	957.2096
7.3	987.456
7.35	984.3424
7.4	1024.8192
7.45	1001.2448
7.5	1045.28
7.56	1072.4128
7.6	1068.8544
7.65	1130.2368
7.7	1109.776
7.75	1113.3344
7.8	1170.7136
7.85	1160.4832
7.9	1187.616
7.95	1201.4048
8	1211.6352
8.05	1276.1312
8.1	1242.3264
8.15	1289.4752
8.2	1326.8384
8.25	1361.088
8.3	1394.8928
8.35	1367.76
8.4	1422.0256
8.45	1459.3888
8.5	1435.3696
8.55	1482.9632
8.6	1479.8496
8.65	1503.424
8.7	1537.2288
8.75	1571.4784
8.8	1591.4944
8.85	1601.7248
8.9	1649.3184
8.95	1642.6464
9	1703.584
9.05	1747.6192
9.1	1774.752
9.15	1815.6736
9.2	1853.0368
9.25	1829.0176
9.3	1832.576
9.35	1863.2672
9.4	1832.576
9.45	1836.1344
9.5	1781.8688
9.55	1809.0016
9.6	1829.0176
9.65	1791.6544
9.7	1801.8848
9.75	1747.6192
9.8	1798.7712
9.85	1788.5408
9.9	1764.5216
9.95	1727.6032
10	1757.8496
10.05	1751.1776
10.1	1717.3728
10.15	1696.912
10.2	1693.3536
10.25	1727.6032
10.3	1710.256
10.35	1680.0096
10.4	1693.3536
10.45	1717.3728
10.5	1696.912
10.55	1683.1232
10.6	1724.0448
10.65	1652.8768
10.7	1696.912
10.75	1666.2208
10.8	1635.9744
10.85	1632.416
10.9	1666.2208
10.95	1672.8928
11	1632.416
11.05	1601.7248
11.1	1645.76
11.15	1652.8768
11.2	1632.416
11.25	1578.1504
11.3	1622.1856
11.35	1639.088
11.4	1639.088
11.45	1584.8224
11.5	1571.4784
11.55	1639.088
11.6	1611.9552
11.65	1584.8224
11.7	1567.92
11.75	1595.0528
11.8	1530.5568
11.85	1571.4784
11.9	1540.7872
11.95	1571.4784
12	1591.4944
12.05	1595.0528
12.1	1557.6896
12.15	1547.4592
12.2	1581.264
12.25	1584.8224
12.3	1544.3456
12.35	1523.8848
12.4	1530.5568
12.45	1510.096
12.5	1534.1152
12.55	1523.8848
12.6	1523.8848
12.65	1574.592
12.7	1517.2128
12.75	1567.92
12.8	1506.9824
12.85	1547.4592
12.9	1547.4592
12.95	1517.2128
13	1554.1312
13.05	1517.2128
13.1	1537.2288
13.15	1523.8848
13.2	1479.8496
13.25	1486.5216
13.3	1482.9632
13.35	1499.8656
13.4	1503.424
13.45	1482.9632
13.5	1493.1936
13.55	1513.6544
13.6	1499.8656
13.65	1523.8848
13.7	1479.8496
13.75	1503.424
13.8	1496.752
13.85	1462.5024
13.9	1513.6544
13.95	1455.8304
14	1472.7328
14.05	1455.8304
14.1	1442.4864
14.15	1476.2912
14.2	1452.7168
14.25	1459.3888
14.3	1499.8656
14.35	1452.7168
14.4	1493.1936
14.45	1482.9632
14.5	1496.752
14.55	1469.6192
14.6	1435.3696
14.65	1422.0256
14.7	1435.3696
14.75	1425.584
14.8	1428.6976
14.85	1435.3696
14.9	1442.4864
14.95	1462.5024
15	1428.6976
15.05	1455.8304
15.1	1435.3696
15.15	1452.7168
15.2	1455.8304
15.25	1408.2368
15.3	1452.7168
15.35	1415.3536
15.4	1438.928
15.45	1428.6976
15.5	1394.8928
15.55	1425.584
15.6	1391.3344
15.65	1408.2368
15.7	1398.0064
15.75	1398.0064
15.8	1418.4672
15.85	1445.6
15.9	1415.3536
15.95	1435.3696
16	1425.584
16.05	1442.4864
16.1	1411.7952
16.15	1367.76
16.2	1408.2368
16.25	1374.432
16.3	1408.2368
16.35	1388.2208
16.4	1391.3344
16.45	1428.6976
16.5	1422.0256
16.55	1418.4672
16.6	1384.6624
16.65	1391.3344
16.7	1428.6976
16.75	1418.4672
16.8	1364.2016
16.85	1401.5648
16.9	1401.5648
16.95	1418.4672
17	1374.432
17.05	1367.76
17.1	1408.2368
17.15	1418.4672
17.2	1370.8736
17.25	1401.5648
17.3	1388.2208
17.35	1418.4672
17.4	1364.2016
17.45	1347.2992
17.5	1377.9904
17.55	1401.5648
17.6	1394.8928
17.65	1340.6272
17.7	1364.2016
17.75	1388.2208
17.8	1391.3344
17.85	1367.76
17.9	1343.7408
17.95	1374.432
18	1388.2208
18.05	1364.2016
18.1	1388.2208
18.15	1353.9712
18.2	1394.8928
18.25	1370.8736
18.3	1343.7408
18.35	1347.2992
18.4	1350.8576
18.45	1388.2208
18.5	1347.2992
18.55	1323.7248
18.6	1343.7408
18.65	1337.0688
18.7	1337.0688
18.75	1313.4944
18.8	1367.76
18.85	1367.76
18.9	1370.8736
18.95	1350.8576
19	1367.76
19.05	1333.9552
19.1	1361.088
19.15	1347.2992
19.2	1333.9552
19.25	1316.608
19.3	1337.0688
19.35	1309.936
19.4	1326.8384
19.45	1333.9552
19.5	1353.9712
19.55	1303.264
19.6	1333.9552
19.65	1350.8576
19.7	1340.6272
19.75	1357.5296
19.8	1343.7408
19.85	1357.5296
19.9	1347.2992
19.95	1303.264
20	1326.8384
20.05	1316.608
20.1	1299.7056
20.15	1282.8032
20.2	1357.5296
20.25	1343.7408
20.3	1299.7056
20.35	1309.936
20.4	1350.8576
20.45	1309.936
20.5	1337.0688
20.55	1340.6272
20.6	1309.936
20.65	1320.1664
20.7	1303.264
20.75	1347.2992
20.8	1340.6272
20.85	1296.592
20.9	1326.8384
20.95	1289.4752
21	1293.0336
21.05	1276.1312
21.1	1309.936
21.15	1337.0688
21.2	1313.4944
21.25	1316.608
21.3	1343.7408
21.35	1309.936
21.4	1286.3616
21.45	1293.0336
21.5	1289.4752
21.55	1296.592
21.6	1293.0336
21.65	1306.3776
21.7	1282.8032
21.75	1282.8032
21.8	1309.936
21.85	1323.7248
21.9	1303.264
21.95	1296.592
22	1269.4592
22.05	1303.264
22.1	1276.1312
22.15	1272.5728
22.2	1309.936
22.25	1323.7248
22.3	1289.4752
22.35	1272.5728
22.4	1272.5728
22.45	1306.3776
22.5	1279.2448
22.55	1262.3424
22.6	1286.3616
22.65	1293.0336
22.7	1330.3968
22.75	1299.7056
22.8	1262.3424
22.85	1286.3616
22.9	1320.1664
22.95	1303.264
23	1265.9008
23.05	1248.9984
23.1	1296.592
23.15	1293.0336
23.21	1303.264
23.25	1252.112
23.3	1279.2448
23.35	1289.4752
23.4	1269.4592
23.45	1262.3424
23.5	1282.8032
23.55	1286.3616
23.6	1306.3776
23.65	1245.44
23.7	1289.4752
23.75	1293.0336
23.8	1282.8032
23.85	1269.4592
23.9	1306.3776
23.95	1279.2448
24	1245.44
24.05	1265.9008
24.1	1252.112
24.15	1252.112
24.2	1296.592
24.25	1279.2448
24.3	1245.44
24.35	1279.2448
24.4	1245.44
24.45	1282.8032
24.5	1245.44
24.55	1248.9984
24.6	1269.4592
24.65	1248.9984
24.7	1276.1312
24.75	1242.3264
24.8	1255.6704
24.85	1303.264
24.9	1282.8032
24.95	1265.9008
25	1238.768
25.05	1269.4592
25.1	1272.5728
25.15	1255.6704
25.2	1228.5376
25.25	1272.5728
25.3	1279.2448
25.35	1286.3616
25.4	1228.5376
25.45	1238.768
25.5	1276.1312
25.55	1224.9792
25.6	1248.9984
25.65	1218.3072
25.7	1265.9008
25.75	1296.592
25.8	1255.6704
25.85	1276.1312
25.9	1262.3424
25.95	1289.4752
26	1269.4592
26.05	1224.9792
26.1	1259.2288
26.15	1259.2288
26.2	1224.9792
26.25	1259.2288
26.3	1232.096
26.35	1245.44
26.4	1255.6704
26.45	1232.096
26.5	1265.9008
26.55	1252.112
26.6	1255.6704
26.65	1265.9008
26.7	1265.9008
26.75	1269.4592
26.8	1214.7488
26.85	1208.0768
26.9	1238.768
26.95	1224.9792
27	1242.3264
27.05	1201.4048
27.1	1224.9792
27.15	1242.3264
27.2	1218.3072
27.25	1259.2288
27.3	1221.8656
27.35	1255.6704
27.4	1259.2288
27.45	1211.6352
27.5	1208.0768
27.55	1235.2096
27.6	1259.2288
27.65	1228.5376
27.7	1211.6352
27.75	1235.2096
27.8	1252.112
27.85	1218.3072
27.9	1214.7488
27.95	1201.4048
28	1232.096
28.05	1269.4592
28.1	1238.768
28.15	1259.2288
28.2	1221.8656
28.25	1265.9008
28.3	1238.768
28.35	1214.7488
28.4	1232.096
28.45	1208.0768
28.5	1248.9984
28.55	1208.0768
28.6	1187.616
28.65	1245.44
28.7	1248.9984
28.75	1224.9792
28.8	1194.7328
28.85	1211.6352
28.9	1194.7328
28.95	1235.2096
29	1208.0768
29.05	1208.0768
29.1	1238.768
29.15	1248.9984
29.2	1208.0768
29.25	1197.8464
29.3	1197.8464
29.35	1245.44
29.4	1204.9632
29.45	1187.616
29.5	1197.8464
29.55	1224.9792
29.6	1228.5376
29.65	1194.7328
29.7	1235.2096
29.75	1242.3264
29.8	1235.2096
29.85	1201.4048
29.9	1201.4048
29.95	1211.6352
30	1177.8304
30.05	1211.6352
30.1	1191.1744
30.15	1201.4048
30.2	1221.8656
30.25	1218.3072
30.3	1221.8656
30.35	1194.7328
30.4	1238.768
30.45	1232.096
30.5	1201.4048
30.55	1197.8464
30.6	1204.9632
30.65	1238.768
30.7	1211.6352
